%YAML:1.0
---
homograph_matrix: !!opencv-matrix
   rows: 3
   cols: 3
   dt: d
   data: [ -1.0097463923711783e+03, 2.1273784109784035e+00,
       2.4142822492925252e+03, 4.3138937566146978e+01,
       1.0416895202313949e+03, 1.3254894552680807e+03,
       3.7984304695328409e-02, -1.0795548587158126e-02,
       2.0854975218453400e+00 ]
